1960
(13, 305)
1961
(14, 305)
1962
(14, 305)
1963
(14, 305)
1964
(14, 305)
1965
(14, 305)
1966
(15, 305)
1967
(16, 305)
1968
(16, 305)
1969
(16, 305)
1970
(26, 305)
1971
(26, 305)
1972
(26, 305)
1973
(26, 305)
1974
(26, 305)
1975
(26, 305)
1976
(28, 305)
1977
(28, 305)
1978
(28, 305)
1979
(28, 305)
1980
(28, 305)
1981
(28, 305)
1982
(28, 305)
1983
(28, 305)
1984
(28, 305)
1985
(28, 305)
1986
(28, 305)
1987
(28, 305)
1988
(28, 305)
1989
(28, 305)
1990
(28, 305)
1991
(28, 305)
1992
(28, 305)
1993
(28, 305)
1994
(28, 305)
1995
(30, 305)
1996
(30, 305)
1997
(30, 305)
1998
(30, 305)
1999
(31, 305)
2000
(31, 311)
2001
(31, 311)
2002
(32, 311)
2003
(32, 311)
2004
(32, 311)
2005
(32, 311)
2006
(32, 311)
2007
(32, 311)
2008
(32, 311)
2009
(32, 311)
2010
(32, 311)
2011
(32, 311)
2012
(32, 311)
2013
(32, 311)
2014
(32, 311)
